V 54
K 1
D 0 -24638000 5334000 0
Y 1
U 4953000 762000 254000 0 2 3 REFDES=IC?
U 4953000 508000 254000 0 2 3 DEVICE=MIMXRT1061DVJ6B
U 4953000 254000 254000 0 2 0 PKG_TYPE=BGA196C80P14X14_1200X1200X152
U 4953000 0 254000 0 2 0 Description=ARM Cortex-M7 series Microcontroller IC 32-Bit 600MHz - External Program Memory 196-LFBGA (12x12)
U 4953000 -254000 254000 0 2 0 Datasheet Link=https://www.nxp.com/docs/en/nxp/data-sheets/IMXRT1060CEC.pdf
U 4953000 -508000 254000 0 2 0 Height=1.52
U 4953000 -762000 254000 0 2 0 Manufacturer_Name=NXP
U 4953000 -1016000 254000 0 2 0 Manufacturer_Part_Number=MIMXRT1061DVJ6B
U 4953000 -1270000 254000 0 2 0 Mouser Part Number=771-MIMXRT1061DVJ6B
U 4953000 -1524000 254000 0 2 0 Mouser Price/Stock=https://www.mouser.co.uk/ProductDetail/NXP-Semiconductors/MIMXRT1061DVJ6B?qs=BJlw7L4Cy78kRfy4mb1ozA%3D%3D
U 4953000 -1778000 254000 0 2 0 Arrow Part Number=MIMXRT1061DVJ6B
U 4953000 -2032000 254000 0 2 0 Arrow Price/Stock=https://www.arrow.com/en/products/mimxrt1061dvj6b/nxp-semiconductors?region=nac
U 0 0 254000 0 1 0 FORWARD_PCB=1
l 5 508000 254000 4826000 254000 4826000 -24892000 508000 -24892000 508000 254000
|GRPHSTL -1 -1 -1 1
P 1 0 0 508000 0 0 2 0
L 584200 0 228600 0 2 0 1 0 VSS_1
A 355600 50800 203200 0 9 3 #=A1
A 0 0 9 0 3 0 PINTYPE=BI
P 2 0 -254000 508000 -254000 0 2 0
L 584200 -254000 228600 0 2 0 1 0 GPIO_EMC_27
A 355600 -203200 203200 0 9 3 #=A2
A 0 0 9 0 3 0 PINTYPE=BI
P 3 0 -508000 508000 -508000 0 2 0
L 584200 -508000 228600 0 2 0 1 0 GPIO_EMC_20
A 355600 -457200 203200 0 9 3 #=A3
A 0 0 9 0 3 0 PINTYPE=BI
P 4 0 -762000 508000 -762000 0 2 0
L 584200 -762000 228600 0 2 0 1 0 GPIO_EMC_17
A 355600 -711200 203200 0 9 3 #=A4
A 0 0 9 0 3 0 PINTYPE=BI
P 5 0 -1016000 508000 -1016000 0 2 0
L 584200 -1016000 228600 0 2 0 1 0 GPIO_EMC_16
A 355600 -965200 203200 0 9 3 #=A5
A 0 0 9 0 3 0 PINTYPE=BI
P 6 0 -1270000 508000 -1270000 0 2 0
L 584200 -1270000 228600 0 2 0 1 0 GPIO_EMC_13
A 355600 -1219200 203200 0 9 3 #=A6
A 0 0 9 0 3 0 PINTYPE=BI
P 7 0 -1524000 508000 -1524000 0 2 0
L 584200 -1524000 228600 0 2 0 1 0 GPIO_EMC_40
A 355600 -1473200 203200 0 9 3 #=A7
A 0 0 9 0 3 0 PINTYPE=BI
P 8 0 -1778000 508000 -1778000 0 2 0
L 584200 -1778000 228600 0 2 0 1 0 GPIO_B0_06
A 355600 -1727200 203200 0 9 3 #=A8
A 0 0 9 0 3 0 PINTYPE=BI
P 9 0 -2032000 508000 -2032000 0 2 0
L 584200 -2032000 228600 0 2 0 1 0 GPIO_B0_07
A 355600 -1981200 203200 0 9 3 #=A9
A 0 0 9 0 3 0 PINTYPE=BI
P 10 0 -2286000 508000 -2286000 0 2 0
L 584200 -2286000 228600 0 2 0 1 0 GPIO_B0_11
A 355600 -2235200 203200 0 9 3 #=A10
A 0 0 9 0 3 0 PINTYPE=BI
P 11 0 -2540000 508000 -2540000 0 2 0
L 584200 -2540000 228600 0 2 0 1 0 GPIO_B1_00
A 355600 -2489200 203200 0 9 3 #=A11
A 0 0 9 0 3 0 PINTYPE=BI
P 12 0 -2794000 508000 -2794000 0 2 0
L 584200 -2794000 228600 0 2 0 1 0 GPIO_B1_08
A 355600 -2743200 203200 0 9 3 #=A12
A 0 0 9 0 3 0 PINTYPE=BI
P 13 0 -3048000 508000 -3048000 0 2 0
L 584200 -3048000 228600 0 2 0 1 0 GPIO_B1_09
A 355600 -2997200 203200 0 9 3 #=A13
A 0 0 9 0 3 0 PINTYPE=BI
P 14 0 -3302000 508000 -3302000 0 2 0
L 584200 -3302000 228600 0 2 0 1 0 VSS_2
A 355600 -3251200 203200 0 9 3 #=A14
A 0 0 9 0 3 0 PINTYPE=BI
P 15 0 -3556000 508000 -3556000 0 2 0
L 584200 -3556000 228600 0 2 0 1 0 GPIO_EMC_15
A 355600 -3505200 203200 0 9 3 #=B1
A 0 0 9 0 3 0 PINTYPE=BI
P 16 0 -3810000 508000 -3810000 0 2 0
L 584200 -3810000 228600 0 2 0 1 0 GPIO_EMC_18
A 355600 -3759200 203200 0 9 3 #=B2
A 0 0 9 0 3 0 PINTYPE=BI
P 17 0 -4064000 508000 -4064000 0 2 0
L 584200 -4064000 228600 0 2 0 1 0 GPIO_EMC_26
A 355600 -4013200 203200 0 9 3 #=B3
A 0 0 9 0 3 0 PINTYPE=BI
P 18 0 -4318000 508000 -4318000 0 2 0
L 584200 -4318000 228600 0 2 0 1 0 GPIO_EMC_19
A 355600 -4267200 203200 0 9 3 #=B4
A 0 0 9 0 3 0 PINTYPE=BI
P 19 0 -4572000 508000 -4572000 0 2 0
L 584200 -4572000 228600 0 2 0 1 0 VSS_3
A 355600 -4521200 203200 0 9 3 #=B5
A 0 0 9 0 3 0 PINTYPE=BI
P 20 0 -4826000 508000 -4826000 0 2 0
L 584200 -4826000 228600 0 2 0 1 0 GPIO_EMC_14
A 355600 -4775200 203200 0 9 3 #=B6
A 0 0 9 0 3 0 PINTYPE=BI
P 21 0 -5080000 508000 -5080000 0 2 0
L 584200 -5080000 228600 0 2 0 1 0 GPIO_EMC_39
A 355600 -5029200 203200 0 9 3 #=B7
A 0 0 9 0 3 0 PINTYPE=BI
P 22 0 -5334000 508000 -5334000 0 2 0
L 584200 -5334000 228600 0 2 0 1 0 GPIO_B0_05
A 355600 -5283200 203200 0 9 3 #=B8
A 0 0 9 0 3 0 PINTYPE=BI
P 23 0 -5588000 508000 -5588000 0 2 0
L 584200 -5588000 228600 0 2 0 1 0 GPIO_B0_08
A 355600 -5537200 203200 0 9 3 #=B9
A 0 0 9 0 3 0 PINTYPE=BI
P 24 0 -5842000 508000 -5842000 0 2 0
L 584200 -5842000 228600 0 2 0 1 0 VSS_4
A 355600 -5791200 203200 0 9 3 #=B10
A 0 0 9 0 3 0 PINTYPE=BI
P 25 0 -6096000 508000 -6096000 0 2 0
L 584200 -6096000 228600 0 2 0 1 0 GPIO_B1_01
A 355600 -6045200 203200 0 9 3 #=B11
A 0 0 9 0 3 0 PINTYPE=BI
P 26 0 -6350000 508000 -6350000 0 2 0
L 584200 -6350000 228600 0 2 0 1 0 GPIO_B1_07
A 355600 -6299200 203200 0 9 3 #=B12
A 0 0 9 0 3 0 PINTYPE=BI
P 27 0 -6604000 508000 -6604000 0 2 0
L 584200 -6604000 228600 0 2 0 1 0 GPIO_B1_10
A 355600 -6553200 203200 0 9 3 #=B13
A 0 0 9 0 3 0 PINTYPE=BI
P 28 0 -6858000 508000 -6858000 0 2 0
L 584200 -6858000 228600 0 2 0 1 0 GPIO_B1_15
A 355600 -6807200 203200 0 9 3 #=B14
A 0 0 9 0 3 0 PINTYPE=BI
P 29 0 -7112000 508000 -7112000 0 2 0
L 584200 -7112000 228600 0 2 0 1 0 GPIO_EMC_21
A 355600 -7061200 203200 0 9 3 #=C1
A 0 0 9 0 3 0 PINTYPE=BI
P 30 0 -7366000 508000 -7366000 0 2 0
L 584200 -7366000 228600 0 2 0 1 0 GPIO_EMC_09
A 355600 -7315200 203200 0 9 3 #=C2
A 0 0 9 0 3 0 PINTYPE=BI
P 31 0 -7620000 508000 -7620000 0 2 0
L 584200 -7620000 228600 0 2 0 1 0 GPIO_EMC_36
A 355600 -7569200 203200 0 9 3 #=C3
A 0 0 9 0 3 0 PINTYPE=BI
P 32 0 -7874000 508000 -7874000 0 2 0
L 584200 -7874000 228600 0 2 0 1 0 GPIO_EMC_33
A 355600 -7823200 203200 0 9 3 #=C4
A 0 0 9 0 3 0 PINTYPE=BI
P 33 0 -8128000 508000 -8128000 0 2 0
L 584200 -8128000 228600 0 2 0 1 0 GPIO_EMC_31
A 355600 -8077200 203200 0 9 3 #=C5
A 0 0 9 0 3 0 PINTYPE=BI
P 34 0 -8382000 508000 -8382000 0 2 0
L 584200 -8382000 228600 0 2 0 1 0 GPIO_EMC_30
A 355600 -8331200 203200 0 9 3 #=C6
A 0 0 9 0 3 0 PINTYPE=BI
P 35 0 -8636000 508000 -8636000 0 2 0
L 584200 -8636000 228600 0 2 0 1 0 GPIO_EMC_41
A 355600 -8585200 203200 0 9 3 #=C7
A 0 0 9 0 3 0 PINTYPE=BI
P 36 0 -8890000 508000 -8890000 0 2 0
L 584200 -8890000 228600 0 2 0 1 0 GPIO_B0_04
A 355600 -8839200 203200 0 9 3 #=C8
A 0 0 9 0 3 0 PINTYPE=BI
P 37 0 -9144000 508000 -9144000 0 2 0
L 584200 -9144000 228600 0 2 0 1 0 GPIO_B0_09
A 355600 -9093200 203200 0 9 3 #=C9
A 0 0 9 0 3 0 PINTYPE=BI
P 38 0 -9398000 508000 -9398000 0 2 0
L 584200 -9398000 228600 0 2 0 1 0 GPIO_B0_12
A 355600 -9347200 203200 0 9 3 #=C10
A 0 0 9 0 3 0 PINTYPE=BI
P 39 0 -9652000 508000 -9652000 0 2 0
L 584200 -9652000 228600 0 2 0 1 0 GPIO_B1_02
A 355600 -9601200 203200 0 9 3 #=C11
A 0 0 9 0 3 0 PINTYPE=BI
P 40 0 -9906000 508000 -9906000 0 2 0
L 584200 -9906000 228600 0 2 0 1 0 GPIO_B1_06
A 355600 -9855200 203200 0 9 3 #=C12
A 0 0 9 0 3 0 PINTYPE=BI
P 41 0 -10160000 508000 -10160000 0 2 0
L 584200 -10160000 228600 0 2 0 1 0 GPIO_B1_11
A 355600 -10109200 203200 0 9 3 #=C13
A 0 0 9 0 3 0 PINTYPE=BI
P 42 0 -10414000 508000 -10414000 0 2 0
L 584200 -10414000 228600 0 2 0 1 0 GPIO_B1_14
A 355600 -10363200 203200 0 9 3 #=C14
A 0 0 9 0 3 0 PINTYPE=BI
P 43 0 -10668000 508000 -10668000 0 2 0
L 584200 -10668000 228600 0 2 0 1 0 GPIO_EMC_28
A 355600 -10617200 203200 0 9 3 #=D1
A 0 0 9 0 3 0 PINTYPE=BI
P 44 0 -10922000 508000 -10922000 0 2 0
L 584200 -10922000 228600 0 2 0 1 0 GPIO_EMC_25
A 355600 -10871200 203200 0 9 3 #=D2
A 0 0 9 0 3 0 PINTYPE=BI
P 45 0 -11176000 508000 -11176000 0 2 0
L 584200 -11176000 228600 0 2 0 1 0 GPIO_EMC_24
A 355600 -11125200 203200 0 9 3 #=D3
A 0 0 9 0 3 0 PINTYPE=BI
P 46 0 -11430000 508000 -11430000 0 2 0
L 584200 -11430000 228600 0 2 0 1 0 GPIO_EMC_34
A 355600 -11379200 203200 0 9 3 #=D4
A 0 0 9 0 3 0 PINTYPE=BI
P 47 0 -11684000 508000 -11684000 0 2 0
L 584200 -11684000 228600 0 2 0 1 0 GPIO_EMC_32
A 355600 -11633200 203200 0 9 3 #=D5
A 0 0 9 0 3 0 PINTYPE=BI
P 48 0 -11938000 508000 -11938000 0 2 0
L 584200 -11938000 228600 0 2 0 1 0 GPIO_EMC_38
A 355600 -11887200 203200 0 9 3 #=D6
A 0 0 9 0 3 0 PINTYPE=BI
P 49 0 -12192000 508000 -12192000 0 2 0
L 584200 -12192000 228600 0 2 0 1 0 GPIO_B0_00
A 355600 -12141200 203200 0 9 3 #=D7
A 0 0 9 0 3 0 PINTYPE=BI
P 50 0 -12446000 508000 -12446000 0 2 0
L 584200 -12446000 228600 0 2 0 1 0 GPIO_B0_03
A 355600 -12395200 203200 0 9 3 #=D8
A 0 0 9 0 3 0 PINTYPE=BI
P 51 0 -12700000 508000 -12700000 0 2 0
L 584200 -12700000 228600 0 2 0 1 0 GPIO_B0_10
A 355600 -12649200 203200 0 9 3 #=D9
A 0 0 9 0 3 0 PINTYPE=BI
P 52 0 -12954000 508000 -12954000 0 2 0
L 584200 -12954000 228600 0 2 0 1 0 GPIO_B0_13
A 355600 -12903200 203200 0 9 3 #=D10
A 0 0 9 0 3 0 PINTYPE=BI
P 53 0 -13208000 508000 -13208000 0 2 0
L 584200 -13208000 228600 0 2 0 1 0 GPIO_B1_03
A 355600 -13157200 203200 0 9 3 #=D11
A 0 0 9 0 3 0 PINTYPE=BI
P 54 0 -13462000 508000 -13462000 0 2 0
L 584200 -13462000 228600 0 2 0 1 0 GPIO_B1_05
A 355600 -13411200 203200 0 9 3 #=D12
A 0 0 9 0 3 0 PINTYPE=BI
P 55 0 -13716000 508000 -13716000 0 2 0
L 584200 -13716000 228600 0 2 0 1 0 GPIO_B1_12
A 355600 -13665200 203200 0 9 3 #=D13
A 0 0 9 0 3 0 PINTYPE=BI
P 56 0 -13970000 508000 -13970000 0 2 0
L 584200 -13970000 228600 0 2 0 1 0 GPIO_B1_13
A 355600 -13919200 203200 0 9 3 #=D14
A 0 0 9 0 3 0 PINTYPE=BI
P 57 0 -14224000 508000 -14224000 0 2 0
L 584200 -14224000 228600 0 2 0 1 0 GPIO_EMC_29
A 355600 -14173200 203200 0 9 3 #=E1
A 0 0 9 0 3 0 PINTYPE=BI
P 58 0 -14478000 508000 -14478000 0 2 0
L 584200 -14478000 228600 0 2 0 1 0 VSS_5
A 355600 -14427200 203200 0 9 3 #=E2
A 0 0 9 0 3 0 PINTYPE=BI
P 59 0 -14732000 508000 -14732000 0 2 0
L 584200 -14732000 228600 0 2 0 1 0 GPIO_EMC_00
A 355600 -14681200 203200 0 9 3 #=E3
A 0 0 9 0 3 0 PINTYPE=BI
P 60 0 -14986000 508000 -14986000 0 2 0
L 584200 -14986000 228600 0 2 0 1 0 GPIO_EMC_37
A 355600 -14935200 203200 0 9 3 #=E4
A 0 0 9 0 3 0 PINTYPE=BI
P 61 0 -15240000 508000 -15240000 0 2 0
L 584200 -15240000 228600 0 2 0 1 0 GPIO_EMC_35
A 355600 -15189200 203200 0 9 3 #=E5
A 0 0 9 0 3 0 PINTYPE=BI
P 62 0 -15494000 508000 -15494000 0 2 0
L 584200 -15494000 228600 0 2 0 1 0 NVCC_EMC_1
A 355600 -15443200 203200 0 9 3 #=E6
A 0 0 9 0 3 0 PINTYPE=BI
P 63 0 -15748000 508000 -15748000 0 2 0
L 584200 -15748000 228600 0 2 0 1 0 GPIO_B0_01
A 355600 -15697200 203200 0 9 3 #=E7
A 0 0 9 0 3 0 PINTYPE=BI
P 64 0 -16002000 508000 -16002000 0 2 0
L 584200 -16002000 228600 0 2 0 1 0 GPIO_B0_02
A 355600 -15951200 203200 0 9 3 #=E8
A 0 0 9 0 3 0 PINTYPE=BI
P 65 0 -16256000 508000 -16256000 0 2 0
L 584200 -16256000 228600 0 2 0 1 0 NVCC_GPIO_1
A 355600 -16205200 203200 0 9 3 #=E9
A 0 0 9 0 3 0 PINTYPE=BI
P 66 0 -16510000 508000 -16510000 0 2 0
L 584200 -16510000 228600 0 2 0 1 0 GPIO_B0_14
A 355600 -16459200 203200 0 9 3 #=E10
A 0 0 9 0 3 0 PINTYPE=BI
P 67 0 -16764000 508000 -16764000 0 2 0
L 584200 -16764000 228600 0 2 0 1 0 GPIO_B0_15
A 355600 -16713200 203200 0 9 3 #=E11
A 0 0 9 0 3 0 PINTYPE=BI
P 68 0 -17018000 508000 -17018000 0 2 0
L 584200 -17018000 228600 0 2 0 1 0 GPIO_B1_04
A 355600 -16967200 203200 0 9 3 #=E12
A 0 0 9 0 3 0 PINTYPE=BI
P 69 0 -17272000 508000 -17272000 0 2 0
L 584200 -17272000 228600 0 2 0 1 0 VSS_6
A 355600 -17221200 203200 0 9 3 #=E13
A 0 0 9 0 3 0 PINTYPE=BI
P 70 0 -17526000 508000 -17526000 0 2 0
L 584200 -17526000 228600 0 2 0 1 0 GPIO_AD_B0_06
A 355600 -17475200 203200 0 9 3 #=E14
A 0 0 9 0 3 0 PINTYPE=BI
P 71 0 -17780000 508000 -17780000 0 2 0
L 584200 -17780000 228600 0 2 0 1 0 GPIO_EMC_22
A 355600 -17729200 203200 0 9 3 #=F1
A 0 0 9 0 3 0 PINTYPE=BI
P 72 0 -18034000 508000 -18034000 0 2 0
L 584200 -18034000 228600 0 2 0 1 0 GPIO_EMC_04
A 355600 -17983200 203200 0 9 3 #=F2
A 0 0 9 0 3 0 PINTYPE=BI
P 73 0 -18288000 508000 -18288000 0 2 0
L 584200 -18288000 228600 0 2 0 1 0 GPIO_EMC_01
A 355600 -18237200 203200 0 9 3 #=F3
A 0 0 9 0 3 0 PINTYPE=BI
P 74 0 -18542000 508000 -18542000 0 2 0
L 584200 -18542000 228600 0 2 0 1 0 GPIO_EMC_02
A 355600 -18491200 203200 0 9 3 #=F4
A 0 0 9 0 3 0 PINTYPE=BI
P 75 0 -18796000 508000 -18796000 0 2 0
L 584200 -18796000 228600 0 2 0 1 0 NVCC_EMC_2
A 355600 -18745200 203200 0 9 3 #=F5
A 0 0 9 0 3 0 PINTYPE=BI
P 76 0 -19050000 508000 -19050000 0 2 0
L 584200 -19050000 228600 0 2 0 1 0 VDD_SOC_IN_1
A 355600 -18999200 203200 0 9 3 #=F6
A 0 0 9 0 3 0 PINTYPE=BI
P 77 0 -19304000 508000 -19304000 0 2 0
L 584200 -19304000 228600 0 2 0 1 0 VDD_SOC_IN_2
A 355600 -19253200 203200 0 9 3 #=F7
A 0 0 9 0 3 0 PINTYPE=BI
P 78 0 -19558000 508000 -19558000 0 2 0
L 584200 -19558000 228600 0 2 0 1 0 VDD_SOC_IN_3
A 355600 -19507200 203200 0 9 3 #=F8
A 0 0 9 0 3 0 PINTYPE=BI
P 79 0 -19812000 508000 -19812000 0 2 0
L 584200 -19812000 228600 0 2 0 1 0 VDD_SOC_IN_4
A 355600 -19761200 203200 0 9 3 #=F9
A 0 0 9 0 3 0 PINTYPE=BI
P 80 0 -20066000 508000 -20066000 0 2 0
L 584200 -20066000 228600 0 2 0 1 0 NVCC_GPIO_2
A 355600 -20015200 203200 0 9 3 #=F10
A 0 0 9 0 3 0 PINTYPE=BI
P 81 0 -20320000 508000 -20320000 0 2 0
L 584200 -20320000 228600 0 2 0 1 0 GPIO_AD_B0_04
A 355600 -20269200 203200 0 9 3 #=F11
A 0 0 9 0 3 0 PINTYPE=BI
P 82 0 -20574000 508000 -20574000 0 2 0
L 584200 -20574000 228600 0 2 0 1 0 GPIO_AD_B0_07
A 355600 -20523200 203200 0 9 3 #=F12
A 0 0 9 0 3 0 PINTYPE=BI
P 83 0 -20828000 508000 -20828000 0 2 0
L 584200 -20828000 228600 0 2 0 1 0 GPIO_AD_B0_08
A 355600 -20777200 203200 0 9 3 #=F13
A 0 0 9 0 3 0 PINTYPE=BI
P 84 0 -21082000 508000 -21082000 0 2 0
L 584200 -21082000 228600 0 2 0 1 0 GPIO_AD_B0_09
A 355600 -21031200 203200 0 9 3 #=F14
A 0 0 9 0 3 0 PINTYPE=BI
P 85 0 -21336000 508000 -21336000 0 2 0
L 584200 -21336000 228600 0 2 0 1 0 GPIO_EMC_10
A 355600 -21285200 203200 0 9 3 #=G1
A 0 0 9 0 3 0 PINTYPE=BI
P 86 0 -21590000 508000 -21590000 0 2 0
L 584200 -21590000 228600 0 2 0 1 0 GPIO_EMC_23
A 355600 -21539200 203200 0 9 3 #=G2
A 0 0 9 0 3 0 PINTYPE=BI
P 87 0 -21844000 508000 -21844000 0 2 0
L 584200 -21844000 228600 0 2 0 1 0 GPIO_EMC_11
A 355600 -21793200 203200 0 9 3 #=G3
A 0 0 9 0 3 0 PINTYPE=BI
P 88 0 -22098000 508000 -22098000 0 2 0
L 584200 -22098000 228600 0 2 0 1 0 GPIO_EMC_03
A 355600 -22047200 203200 0 9 3 #=G4
A 0 0 9 0 3 0 PINTYPE=BI
P 89 0 -22352000 508000 -22352000 0 2 0
L 584200 -22352000 228600 0 2 0 1 0 GPIO_EMC_05
A 355600 -22301200 203200 0 9 3 #=G5
A 0 0 9 0 3 0 PINTYPE=BI
P 90 0 -22606000 508000 -22606000 0 2 0
L 584200 -22606000 228600 0 2 0 1 0 VDD_SOC_IN_5
A 355600 -22555200 203200 0 9 3 #=G6
A 0 0 9 0 3 0 PINTYPE=BI
P 91 0 -22860000 508000 -22860000 0 2 0
L 584200 -22860000 228600 0 2 0 1 0 VSS_7
A 355600 -22809200 203200 0 9 3 #=G7
A 0 0 9 0 3 0 PINTYPE=BI
P 92 0 -23114000 508000 -23114000 0 2 0
L 584200 -23114000 228600 0 2 0 1 0 VSS_8
A 355600 -23063200 203200 0 9 3 #=G8
A 0 0 9 0 3 0 PINTYPE=BI
P 93 0 -23368000 508000 -23368000 0 2 0
L 584200 -23368000 228600 0 2 0 1 0 VDD_SOC_IN_6
A 355600 -23317200 203200 0 9 3 #=G9
A 0 0 9 0 3 0 PINTYPE=BI
P 94 0 -23622000 508000 -23622000 0 2 0
L 584200 -23622000 228600 0 2 0 1 0 GPIO_AD_B0_11
A 355600 -23571200 203200 0 9 3 #=G10
A 0 0 9 0 3 0 PINTYPE=BI
P 95 0 -23876000 508000 -23876000 0 2 0
L 584200 -23876000 228600 0 2 0 1 0 GPIO_AD_B0_03
A 355600 -23825200 203200 0 9 3 #=G11
A 0 0 9 0 3 0 PINTYPE=BI
P 96 0 -24130000 508000 -24130000 0 2 0
L 584200 -24130000 228600 0 2 0 1 0 GPIO_AD_B1_14
A 355600 -24079200 203200 0 9 3 #=G12
A 0 0 9 0 3 0 PINTYPE=BI
P 97 0 -24384000 508000 -24384000 0 2 0
L 584200 -24384000 228600 0 2 0 1 0 GPIO_AD_B0_10
A 355600 -24333200 203200 0 9 3 #=G13
A 0 0 9 0 3 0 PINTYPE=BI
P 98 0 -24638000 508000 -24638000 0 2 0
L 584200 -24638000 228600 0 2 0 1 0 GPIO_AD_B0_05
A 355600 -24587200 203200 0 9 3 #=G14
A 0 0 9 0 3 0 PINTYPE=BI
P 99 5334000 0 4826000 0 0 3 0
L 4749800 0 228600 0 8 0 1 0 GPIO_EMC_12
A 4978400 50800 203200 0 3 3 #=H1
A 0 0 9 0 3 0 PINTYPE=BI
P 100 5334000 -254000 4826000 -254000 0 3 0
L 4749800 -254000 228600 0 8 0 1 0 GPIO_SD_B0_04
A 4978400 -203200 203200 0 3 3 #=H2
A 0 0 9 0 3 0 PINTYPE=BI
P 101 5334000 -508000 4826000 -508000 0 3 0
L 4749800 -508000 228600 0 8 0 1 0 GPIO_EMC_08
A 4978400 -457200 203200 0 3 3 #=H3
A 0 0 9 0 3 0 PINTYPE=BI
P 102 5334000 -762000 4826000 -762000 0 3 0
L 4749800 -762000 228600 0 8 0 1 0 GPIO_EMC_07
A 4978400 -711200 203200 0 3 3 #=H4
A 0 0 9 0 3 0 PINTYPE=BI
P 103 5334000 -1016000 4826000 -1016000 0 3 0
L 4749800 -1016000 228600 0 8 0 1 0 GPIO_EMC_06
A 4978400 -965200 203200 0 3 3 #=H5
A 0 0 9 0 3 0 PINTYPE=BI
P 104 5334000 -1270000 4826000 -1270000 0 3 0
L 4749800 -1270000 228600 0 8 0 1 0 VDD_SOC_IN_7
A 4978400 -1219200 203200 0 3 3 #=H6
A 0 0 9 0 3 0 PINTYPE=BI
P 105 5334000 -1524000 4826000 -1524000 0 3 0
L 4749800 -1524000 228600 0 8 0 1 0 VSS_9
A 4978400 -1473200 203200 0 3 3 #=H7
A 0 0 9 0 3 0 PINTYPE=BI
P 106 5334000 -1778000 4826000 -1778000 0 3 0
L 4749800 -1778000 228600 0 8 0 1 0 VSS_10
A 4978400 -1727200 203200 0 3 3 #=H8
A 0 0 9 0 3 0 PINTYPE=BI
P 107 5334000 -2032000 4826000 -2032000 0 3 0
L 4749800 -2032000 228600 0 8 0 1 0 VDD_SOC_IN_8
A 4978400 -1981200 203200 0 3 3 #=H9
A 0 0 9 0 3 0 PINTYPE=BI
P 108 5334000 -2286000 4826000 -2286000 0 3 0
L 4749800 -2286000 228600 0 8 0 1 0 GPIO_AD_B0_01
A 4978400 -2235200 203200 0 3 3 #=H10
A 0 0 9 0 3 0 PINTYPE=BI
P 109 5334000 -2540000 4826000 -2540000 0 3 0
L 4749800 -2540000 228600 0 8 0 1 0 GPIO_AD_B1_13
A 4978400 -2489200 203200 0 3 3 #=H11
A 0 0 9 0 3 0 PINTYPE=BI
P 110 5334000 -2794000 4826000 -2794000 0 3 0
L 4749800 -2794000 228600 0 8 0 1 0 GPIO_AD_B1_12
A 4978400 -2743200 203200 0 3 3 #=H12
A 0 0 9 0 3 0 PINTYPE=BI
P 111 5334000 -3048000 4826000 -3048000 0 3 0
L 4749800 -3048000 228600 0 8 0 1 0 GPIO_AD_B1_08
A 4978400 -2997200 203200 0 3 3 #=H13
A 0 0 9 0 3 0 PINTYPE=BI
P 112 5334000 -3302000 4826000 -3302000 0 3 0
L 4749800 -3302000 228600 0 8 0 1 0 GPIO_AD_B0_14
A 4978400 -3251200 203200 0 3 3 #=H14
A 0 0 9 0 3 0 PINTYPE=BI
P 113 5334000 -3556000 4826000 -3556000 0 3 0
L 4749800 -3556000 228600 0 8 0 1 0 GPIO_SD_B0_02
A 4978400 -3505200 203200 0 3 3 #=J1
A 0 0 9 0 3 0 PINTYPE=BI
P 114 5334000 -3810000 4826000 -3810000 0 3 0
L 4749800 -3810000 228600 0 8 0 1 0 GPIO_SD_B0_05
A 4978400 -3759200 203200 0 3 3 #=J2
A 0 0 9 0 3 0 PINTYPE=BI
P 115 5334000 -4064000 4826000 -4064000 0 3 0
L 4749800 -4064000 228600 0 8 0 1 0 GPIO_SD_B0_01
A 4978400 -4013200 203200 0 3 3 #=J3
A 0 0 9 0 3 0 PINTYPE=BI
P 116 5334000 -4318000 4826000 -4318000 0 3 0
L 4749800 -4318000 228600 0 8 0 1 0 GPIO_SD_B0_00
A 4978400 -4267200 203200 0 3 3 #=J4
A 0 0 9 0 3 0 PINTYPE=BI
P 117 5334000 -4572000 4826000 -4572000 0 3 0
L 4749800 -4572000 228600 0 8 0 1 0 DCDC_SENSE
A 4978400 -4521200 203200 0 3 3 #=J5
A 0 0 9 0 3 0 PINTYPE=BI
P 118 5334000 -4826000 4826000 -4826000 0 3 0
L 4749800 -4826000 228600 0 8 0 1 0 NVCC_SD0
A 4978400 -4775200 203200 0 3 3 #=J6
A 0 0 9 0 3 0 PINTYPE=BI
P 119 5334000 -5080000 4826000 -5080000 0 3 0
L 4749800 -5080000 228600 0 8 0 1 0 VSS_11
A 4978400 -5029200 203200 0 3 3 #=J7
A 0 0 9 0 3 0 PINTYPE=BI
P 120 5334000 -5334000 4826000 -5334000 0 3 0
L 4749800 -5334000 228600 0 8 0 1 0 VSS_12
A 4978400 -5283200 203200 0 3 3 #=J8
A 0 0 9 0 3 0 PINTYPE=BI
P 121 5334000 -5588000 4826000 -5588000 0 3 0
L 4749800 -5588000 228600 0 8 0 1 0 VDD_SOC_IN_9
A 4978400 -5537200 203200 0 3 3 #=J9
A 0 0 9 0 3 0 PINTYPE=BI
P 122 5334000 -5842000 4826000 -5842000 0 3 0
L 4749800 -5842000 228600 0 8 0 1 0 NVCC_GPIO_3
A 4978400 -5791200 203200 0 3 3 #=J10
A 0 0 9 0 3 0 PINTYPE=BI
P 123 5334000 -6096000 4826000 -6096000 0 3 0
L 4749800 -6096000 228600 0 8 0 1 0 GPIO_AD_B1_00
A 4978400 -6045200 203200 0 3 3 #=J11
A 0 0 9 0 3 0 PINTYPE=BI
P 124 5334000 -6350000 4826000 -6350000 0 3 0
L 4749800 -6350000 228600 0 8 0 1 0 GPIO_AD_B1_06
A 4978400 -6299200 203200 0 3 3 #=J12
A 0 0 9 0 3 0 PINTYPE=BI
P 125 5334000 -6604000 4826000 -6604000 0 3 0
L 4749800 -6604000 228600 0 8 0 1 0 GPIO_AD_B1_11
A 4978400 -6553200 203200 0 3 3 #=J13
A 0 0 9 0 3 0 PINTYPE=BI
P 126 5334000 -6858000 4826000 -6858000 0 3 0
L 4749800 -6858000 228600 0 8 0 1 0 GPIO_AD_B1_15
A 4978400 -6807200 203200 0 3 3 #=J14
A 0 0 9 0 3 0 PINTYPE=BI
P 127 5334000 -7112000 4826000 -7112000 0 3 0
L 4749800 -7112000 228600 0 8 0 1 0 GPIO_SD_B0_03
A 4978400 -7061200 203200 0 3 3 #=K1
A 0 0 9 0 3 0 PINTYPE=BI
P 128 5334000 -7366000 4826000 -7366000 0 3 0
L 4749800 -7366000 228600 0 8 0 1 0 VSS_13
A 4978400 -7315200 203200 0 3 3 #=K2
A 0 0 9 0 3 0 PINTYPE=BI
P 129 5334000 -7620000 4826000 -7620000 0 3 0
L 4749800 -7620000 228600 0 8 0 1 0 DCDC_PSWITCH
A 4978400 -7569200 203200 0 3 3 #=K3
A 0 0 9 0 3 0 PINTYPE=BI
P 130 5334000 -7874000 4826000 -7874000 0 3 0
L 4749800 -7874000 228600 0 8 0 1 0 DCDC__IN_Q
A 4978400 -7823200 203200 0 3 3 #=K4
A 0 0 9 0 3 0 PINTYPE=BI
P 131 5334000 -8128000 4826000 -8128000 0 3 0
L 4749800 -8128000 228600 0 8 0 1 0 NVCC_SD1
A 4978400 -8077200 203200 0 3 3 #=K5
A 0 0 9 0 3 0 PINTYPE=BI
P 132 5334000 -8382000 4826000 -8382000 0 3 0
L 4749800 -8382000 228600 0 8 0 1 0 TEST_MODE
A 4978400 -8331200 203200 0 3 3 #=K6
A 0 0 9 0 3 0 PINTYPE=BI
P 133 5334000 -8636000 4826000 -8636000 0 3 0
L 4749800 -8636000 228600 0 8 0 1 0 PMIC_ON_REQ
A 4978400 -8585200 203200 0 3 3 #=K7
A 0 0 9 0 3 0 PINTYPE=BI
P 134 5334000 -8890000 4826000 -8890000 0 3 0
L 4749800 -8890000 228600 0 8 0 1 0 VDD_USB_CAP
A 4978400 -8839200 203200 0 3 3 #=K8
A 0 0 9 0 3 0 PINTYPE=BI
P 135 5334000 -9144000 4826000 -9144000 0 3 0
L 4749800 -9144000 228600 0 8 0 1 0 NGND_KEL0
A 4978400 -9093200 203200 0 3 3 #=K9
A 0 0 9 0 3 0 PINTYPE=BI
P 136 5334000 -9398000 4826000 -9398000 0 3 0
L 4749800 -9398000 228600 0 8 0 1 0 GPIO_AD_B1_07
A 4978400 -9347200 203200 0 3 3 #=K10
A 0 0 9 0 3 0 PINTYPE=BI
P 137 5334000 -9652000 4826000 -9652000 0 3 0
L 4749800 -9652000 228600 0 8 0 1 0 GPIO_AD_B1_01
A 4978400 -9601200 203200 0 3 3 #=K11
A 0 0 9 0 3 0 PINTYPE=BI
P 138 5334000 -9906000 4826000 -9906000 0 3 0
L 4749800 -9906000 228600 0 8 0 1 0 GPIO_AD_B1_05
A 4978400 -9855200 203200 0 3 3 #=K12
A 0 0 9 0 3 0 PINTYPE=BI
P 139 5334000 -10160000 4826000 -10160000 0 3 0
L 4749800 -10160000 228600 0 8 0 1 0 VSS_14
A 4978400 -10109200 203200 0 3 3 #=K13
A 0 0 9 0 3 0 PINTYPE=BI
P 140 5334000 -10414000 4826000 -10414000 0 3 0
L 4749800 -10414000 228600 0 8 0 1 0 GPIO_AD_B0_12
A 4978400 -10363200 203200 0 3 3 #=K14
A 0 0 9 0 3 0 PINTYPE=BI
P 141 5334000 -10668000 4826000 -10668000 0 3 0
L 4749800 -10668000 228600 0 8 0 1 0 DCDC_IN_1
A 4978400 -10617200 203200 0 3 3 #=L1
A 0 0 9 0 3 0 PINTYPE=BI
P 142 5334000 -10922000 4826000 -10922000 0 3 0
L 4749800 -10922000 228600 0 8 0 1 0 DCDC_IN_2
A 4978400 -10871200 203200 0 3 3 #=L2
A 0 0 9 0 3 0 PINTYPE=BI
P 143 5334000 -11176000 4826000 -11176000 0 3 0
L 4749800 -11176000 228600 0 8 0 1 0 GPIO_SD_B1_06
A 4978400 -11125200 203200 0 3 3 #=L3
A 0 0 9 0 3 0 PINTYPE=BI
P 144 5334000 -11430000 4826000 -11430000 0 3 0
L 4749800 -11430000 228600 0 8 0 1 0 GPIO_SD_B1_07
A 4978400 -11379200 203200 0 3 3 #=L4
A 0 0 9 0 3 0 PINTYPE=BI
P 145 5334000 -11684000 4826000 -11684000 0 3 0
L 4749800 -11684000 228600 0 8 0 1 0 GPIO_SD_B1_00
A 4978400 -11633200 203200 0 3 3 #=L5
A 0 0 9 0 3 0 PINTYPE=BI
P 146 5334000 -11938000 4826000 -11938000 0 3 0
L 4749800 -11938000 228600 0 8 0 1 0 WAKEUP
A 4978400 -11887200 203200 0 3 3 #=L6
A 0 0 9 0 3 0 PINTYPE=BI
P 147 5334000 -12192000 4826000 -12192000 0 3 0
L 4749800 -12192000 228600 0 8 0 1 0 PMIC_STBY_REQ
A 4978400 -12141200 203200 0 3 3 #=L7
A 0 0 9 0 3 0 PINTYPE=BI
P 148 5334000 -12446000 4826000 -12446000 0 3 0
L 4749800 -12446000 228600 0 8 0 1 0 USB_OTG1_DP
A 4978400 -12395200 203200 0 3 3 #=L8
A 0 0 9 0 3 0 PINTYPE=BI
P 149 5334000 -12700000 4826000 -12700000 0 3 0
L 4749800 -12700000 228600 0 8 0 1 0 VSS_15
A 4978400 -12649200 203200 0 3 3 #=L9
A 0 0 9 0 3 0 PINTYPE=BI
P 150 5334000 -12954000 4826000 -12954000 0 3 0
L 4749800 -12954000 228600 0 8 0 1 0 GPIO_AD_B0_15
A 4978400 -12903200 203200 0 3 3 #=L10
A 0 0 9 0 3 0 PINTYPE=BI
P 151 5334000 -13208000 4826000 -13208000 0 3 0
L 4749800 -13208000 228600 0 8 0 1 0 GPIO_AD_B1_02
A 4978400 -13157200 203200 0 3 3 #=L11
A 0 0 9 0 3 0 PINTYPE=BI
P 152 5334000 -13462000 4826000 -13462000 0 3 0
L 4749800 -13462000 228600 0 8 0 1 0 GPIO_AD_B1_04
A 4978400 -13411200 203200 0 3 3 #=L12
A 0 0 9 0 3 0 PINTYPE=BI
P 153 5334000 -13716000 4826000 -13716000 0 3 0
L 4749800 -13716000 228600 0 8 0 1 0 GPIO_AD_B1_10
A 4978400 -13665200 203200 0 3 3 #=L13
A 0 0 9 0 3 0 PINTYPE=BI
P 154 5334000 -13970000 4826000 -13970000 0 3 0
L 4749800 -13970000 228600 0 8 0 1 0 GPIO_AD_B0_13
A 4978400 -13919200 203200 0 3 3 #=L14
A 0 0 9 0 3 0 PINTYPE=BI
P 155 5334000 -14224000 4826000 -14224000 0 3 0
L 4749800 -14224000 228600 0 8 0 1 0 DCDC_LP_1
A 4978400 -14173200 203200 0 3 3 #=M1
A 0 0 9 0 3 0 PINTYPE=BI
P 156 5334000 -14478000 4826000 -14478000 0 3 0
L 4749800 -14478000 228600 0 8 0 1 0 DCDC_LP_2
A 4978400 -14427200 203200 0 3 3 #=M2
A 0 0 9 0 3 0 PINTYPE=BI
P 157 5334000 -14732000 4826000 -14732000 0 3 0
L 4749800 -14732000 228600 0 8 0 1 0 GPIO_SD_B1_02
A 4978400 -14681200 203200 0 3 3 #=M3
A 0 0 9 0 3 0 PINTYPE=BI
P 158 5334000 -14986000 4826000 -14986000 0 3 0
L 4749800 -14986000 228600 0 8 0 1 0 GPIO_SD_B1_03
A 4978400 -14935200 203200 0 3 3 #=M4
A 0 0 9 0 3 0 PINTYPE=BI
P 159 5334000 -15240000 4826000 -15240000 0 3 0
L 4749800 -15240000 228600 0 8 0 1 0 GPIO_SD_B1_01
A 4978400 -15189200 203200 0 3 3 #=M5
A 0 0 9 0 3 0 PINTYPE=BI
P 160 5334000 -15494000 4826000 -15494000 0 3 0
L 4749800 -15494000 228600 0 8 0 1 0 ONOFF
A 4978400 -15443200 203200 0 3 3 #=M6
A 0 0 9 0 3 0 PINTYPE=BI
P 161 5334000 -15748000 4826000 -15748000 0 3 0
L 4749800 -15748000 228600 0 8 0 1 0 POR_B
A 4978400 -15697200 203200 0 3 3 #=M7
A 0 0 9 0 3 0 PINTYPE=BI
P 162 5334000 -16002000 4826000 -16002000 0 3 0
L 4749800 -16002000 228600 0 8 0 1 0 USB_OTG1_DN
A 4978400 -15951200 203200 0 3 3 #=M8
A 0 0 9 0 3 0 PINTYPE=BI
P 163 5334000 -16256000 4826000 -16256000 0 3 0
L 4749800 -16256000 228600 0 8 0 1 0 VDD_SNVS_IN
A 4978400 -16205200 203200 0 3 3 #=M9
A 0 0 9 0 3 0 PINTYPE=BI
P 164 5334000 -16510000 4826000 -16510000 0 3 0
L 4749800 -16510000 228600 0 8 0 1 0 VDD_SNVS_CAP
A 4978400 -16459200 203200 0 3 3 #=M10
A 0 0 9 0 3 0 PINTYPE=BI
P 165 5334000 -16764000 4826000 -16764000 0 3 0
L 4749800 -16764000 228600 0 8 0 1 0 GPIO_AD_B0_02
A 4978400 -16713200 203200 0 3 3 #=M11
A 0 0 9 0 3 0 PINTYPE=BI
P 166 5334000 -17018000 4826000 -17018000 0 3 0
L 4749800 -17018000 228600 0 8 0 1 0 GPIO_AD_B1_03
A 4978400 -16967200 203200 0 3 3 #=M12
A 0 0 9 0 3 0 PINTYPE=BI
P 167 5334000 -17272000 4826000 -17272000 0 3 0
L 4749800 -17272000 228600 0 8 0 1 0 GPIO_AD_B1_09
A 4978400 -17221200 203200 0 3 3 #=M13
A 0 0 9 0 3 0 PINTYPE=BI
P 168 5334000 -17526000 4826000 -17526000 0 3 0
L 4749800 -17526000 228600 0 8 0 1 0 GPIO_AD_B0_00
A 4978400 -17475200 203200 0 3 3 #=M14
A 0 0 9 0 3 0 PINTYPE=BI
P 169 5334000 -17780000 4826000 -17780000 0 3 0
L 4749800 -17780000 228600 0 8 0 1 0 DCDC_GND_1
A 4978400 -17729200 203200 0 3 3 #=N1
A 0 0 9 0 3 0 PINTYPE=BI
P 170 5334000 -18034000 4826000 -18034000 0 3 0
L 4749800 -18034000 228600 0 8 0 1 0 DCDC_GND_2
A 4978400 -17983200 203200 0 3 3 #=N2
A 0 0 9 0 3 0 PINTYPE=BI
P 171 5334000 -18288000 4826000 -18288000 0 3 0
L 4749800 -18288000 228600 0 8 0 1 0 GPIO_SD_B1_05
A 4978400 -18237200 203200 0 3 3 #=N3
A 0 0 9 0 3 0 PINTYPE=BI
P 172 5334000 -18542000 4826000 -18542000 0 3 0
L 4749800 -18542000 228600 0 8 0 1 0 GPIO_SD_B1_09
A 4978400 -18491200 203200 0 3 3 #=N4
A 0 0 9 0 3 0 PINTYPE=BI
P 173 5334000 -18796000 4826000 -18796000 0 3 0
L 4749800 -18796000 228600 0 8 0 1 0 VSS_16
A 4978400 -18745200 203200 0 3 3 #=N5
A 0 0 9 0 3 0 PINTYPE=BI
P 174 5334000 -19050000 4826000 -19050000 0 3 0
L 4749800 -19050000 228600 0 8 0 1 0 USB_OTG1_VBUS
A 4978400 -18999200 203200 0 3 3 #=N6
A 0 0 9 0 3 0 PINTYPE=BI
P 175 5334000 -19304000 4826000 -19304000 0 3 0
L 4749800 -19304000 228600 0 8 0 1 0 USB_OTG2_DN
A 4978400 -19253200 203200 0 3 3 #=N7
A 0 0 9 0 3 0 PINTYPE=BI
P 176 5334000 -19558000 4826000 -19558000 0 3 0
L 4749800 -19558000 228600 0 8 0 1 0 VSS_17
A 4978400 -19507200 203200 0 3 3 #=N8
A 0 0 9 0 3 0 PINTYPE=BI
P 177 5334000 -19812000 4826000 -19812000 0 3 0
L 4749800 -19812000 228600 0 8 0 1 0 RTC_XTALI
A 4978400 -19761200 203200 0 3 3 #=N9
A 0 0 9 0 3 0 PINTYPE=BI
P 178 5334000 -20066000 4826000 -20066000 0 3 0
L 4749800 -20066000 228600 0 8 0 1 0 GPANAIO
A 4978400 -20015200 203200 0 3 3 #=N10
A 0 0 9 0 3 0 PINTYPE=BI
P 179 5334000 -20320000 4826000 -20320000 0 3 0
L 4749800 -20320000 228600 0 8 0 1 0 XTALO
A 4978400 -20269200 203200 0 3 3 #=N11
A 0 0 9 0 3 0 PINTYPE=BI
P 180 5334000 -20574000 4826000 -20574000 0 3 0
L 4749800 -20574000 228600 0 8 0 1 0 USB_OTG1_CHD_B
A 4978400 -20523200 203200 0 3 3 #=N12
A 0 0 9 0 3 0 PINTYPE=BI
P 181 5334000 -20828000 4826000 -20828000 0 3 0
L 4749800 -20828000 228600 0 8 0 1 0 CCM_CLK1_P
A 4978400 -20777200 203200 0 3 3 #=N13
A 0 0 9 0 3 0 PINTYPE=BI
P 182 5334000 -21082000 4826000 -21082000 0 3 0
L 4749800 -21082000 228600 0 8 0 1 0 VDDA_ADC_3P3
A 4978400 -21031200 203200 0 3 3 #=N14
A 0 0 9 0 3 0 PINTYPE=BI
P 183 5334000 -21336000 4826000 -21336000 0 3 0
L 4749800 -21336000 228600 0 8 0 1 0 VSS_18
A 4978400 -21285200 203200 0 3 3 #=P1
A 0 0 9 0 3 0 PINTYPE=BI
P 184 5334000 -21590000 4826000 -21590000 0 3 0
L 4749800 -21590000 228600 0 8 0 1 0 GPIO_SD_B1_04
A 4978400 -21539200 203200 0 3 3 #=P2
A 0 0 9 0 3 0 PINTYPE=BI
P 185 5334000 -21844000 4826000 -21844000 0 3 0
L 4749800 -21844000 228600 0 8 0 1 0 GPIO_SD_B1_08
A 4978400 -21793200 203200 0 3 3 #=P3
A 0 0 9 0 3 0 PINTYPE=BI
P 186 5334000 -22098000 4826000 -22098000 0 3 0
L 4749800 -22098000 228600 0 8 0 1 0 GPIO_SD_B1_10
A 4978400 -22047200 203200 0 3 3 #=P4
A 0 0 9 0 3 0 PINTYPE=BI
P 187 5334000 -22352000 4826000 -22352000 0 3 0
L 4749800 -22352000 228600 0 8 0 1 0 GPIO_SD_B1_11
A 4978400 -22301200 203200 0 3 3 #=P5
A 0 0 9 0 3 0 PINTYPE=BI
P 188 5334000 -22606000 4826000 -22606000 0 3 0
L 4749800 -22606000 228600 0 8 0 1 0 USB_OTG2_VBUS
A 4978400 -22555200 203200 0 3 3 #=P6
A 0 0 9 0 3 0 PINTYPE=BI
P 189 5334000 -22860000 4826000 -22860000 0 3 0
L 4749800 -22860000 228600 0 8 0 1 0 USB_OTG2_DP
A 4978400 -22809200 203200 0 3 3 #=P7
A 0 0 9 0 3 0 PINTYPE=BI
P 190 5334000 -23114000 4826000 -23114000 0 3 0
L 4749800 -23114000 228600 0 8 0 1 0 VDD_HIGH_CAP
A 4978400 -23063200 203200 0 3 3 #=P8
A 0 0 9 0 3 0 PINTYPE=BI
P 191 5334000 -23368000 4826000 -23368000 0 3 0
L 4749800 -23368000 228600 0 8 0 1 0 RTC_XTALO
A 4978400 -23317200 203200 0 3 3 #=P9
A 0 0 9 0 3 0 PINTYPE=BI
P 192 5334000 -23622000 4826000 -23622000 0 3 0
L 4749800 -23622000 228600 0 8 0 1 0 NVCC_PLL
A 4978400 -23571200 203200 0 3 3 #=P10
A 0 0 9 0 3 0 PINTYPE=BI
P 193 5334000 -23876000 4826000 -23876000 0 3 0
L 4749800 -23876000 228600 0 8 0 1 0 XTALI
A 4978400 -23825200 203200 0 3 3 #=P11
A 0 0 9 0 3 0 PINTYPE=BI
P 194 5334000 -24130000 4826000 -24130000 0 3 0
L 4749800 -24130000 228600 0 8 0 1 0 VDD_HIGH_IN
A 4978400 -24079200 203200 0 3 3 #=P12
A 0 0 9 0 3 0 PINTYPE=BI
P 195 5334000 -24384000 4826000 -24384000 0 3 0
L 4749800 -24384000 228600 0 8 0 1 0 CCM_CLK1_N
A 4978400 -24333200 203200 0 3 3 #=P13
A 0 0 9 0 3 0 PINTYPE=BI
P 196 5334000 -24638000 4826000 -24638000 0 3 0
L 4749800 -24638000 228600 0 8 0 1 0 VSS_19
A 4978400 -24587200 203200 0 3 3 #=P14
A 0 0 9 0 3 0 PINTYPE=BI
E
